53447.719049
1099.405166
30123.815569
94785.007377
63617.561402
2981.258492
16133.451009
42468.128885
48626.726274
64747.413179
11876.742042
34255.184846
26814.061178
55720.048176
35167.917890
30536.945317
21235.400413
39206.327606
57468.793578
22758.206537
85583.541824
10679.749243
77480.844881
91263.648257
75661.437010
4262.438747
17157.289759
90874.756274
46792.593102
58278.778144
79819.748777
22661.926572
52225.971404
85607.488070
67592.984927
19819.946388
9317.067334
41569.301992
6048.489078
64961.047260
29022.737618
87420.427530
28671.124155
42708.422416
69551.471227
9756.318297
38870.881571
23502.063942
12668.679223
89768.509933
99763.165367
43057.647093
62057.915371
43538.407935
73961.607198
93541.801623
1740.595456
24590.079314
25073.990644
37330.661228
70684.266209
41193.049762
48189.234077
53997.062758
71117.521852
657.583193
78810.366800
81722.270580
98514.681094
58503.668276
96897.034149
58208.159440
2752.627945
42826.895261
84511.911660
6301.955455
5338.677233
94382.134249
36587.645811
49568.266546
11601.638787
15532.174798
57144.199971
70859.898907
86250.099611
17877.876001
75267.444574
79086.854074
22830.654840
40982.603281
95306.394848
59269.347931
11657.897316
62224.358832
55661.901374
40777.219867
99414.984968
2567.929390
31852.846111
37226.985881
